-31.39525837
-31.09580465
-30.47220245
-31.99409315
-31.42853793
-31.37047254
-30.78305955
-31.53103709
-30.58915277
-30.78789860
-31.62646157
-31.20427830
-31.07110666
-30.37715072
-29.07814698
-30.84573723
-30.39018461
-31.27235553
-32.15405590
-30.70537067
-30.67260263
-30.92444235
-31.53455409
-31.08521612
-31.38531615
-31.25011998
-31.31799943
-30.87523155
-30.93780976
-31.02697302
-30.37672086
-30.20722550
-31.13340736
-31.78828423
-31.71545789
-30.40479869
-31.51057823
-31.02540310
-30.90187068
-30.95821483
-30.72867783
-31.03307337
-31.21563387
-31.74937916
-30.86838279
-31.37232931
-29.76599035
-30.97578366
-30.14735920
-30.66557801
-30.85467436
-31.17559455
-31.03234916
-31.66768766
-31.21941732
-29.83354232
-31.24300884
-31.36551607
-31.03893407
-29.99658475
-30.11947883
-31.51673044
-29.88805053
-31.12414312
-31.14875843
-31.76577174
-30.34277477
-30.57867885
-30.53526209
-29.99855385
-31.42333930
-30.25185538
-31.37964692
-30.64302340
-29.25770784
-30.62601626
-31.63523892
-30.92189557
-31.83149287
-30.28612040
-31.27925112
-30.66729702
-30.40312896
-31.36539096
-31.15591605
-31.31291078
-30.93913377
-31.06281089
-31.05235062
-31.63143910
-31.06770359
-30.98769227
-30.84115123
-31.06192828
-30.95319300
-31.05394426
-31.08029017
-31.64665158
-31.22200649
-31.75505938
-44.01409909
-45.40527286
-43.77557982
-44.42604600
-44.34162666
-42.34188337
-44.59653517
-42.54248338
-43.77679998
-43.75905132
-44.39373332
-44.41537916
-44.43951656
-43.64663961
-43.62501898
-44.76125636
-43.23763962
-44.99631743
-44.21782689
-43.22344369
-42.78164609
-44.09200320
-44.75569344
-44.25792879
-42.13507968
-42.99872499
-44.34645759
-44.14290383
-42.45078058
-44.52464048
-43.91814466
-40.50545460
-44.58086722
-44.61637029
-42.98445066
-44.07372809
-43.70999622
-45.00383532
-42.37125670
-43.05826648
-43.86711143
-44.30229753
-43.85400002
-44.04541876
-42.46056800
-45.23390479
-45.20120463
-43.46841703
-43.77444905
-44.99240853
-43.89411169
-43.83013306
-44.72087683
-44.73226518
-42.82376610
-43.88814092
-44.31740985
-43.77109405
-42.13884414
-44.07835449
-44.72313248
-44.52721016
-43.37600646
-43.93719139
-43.91890462
-44.25950498
-43.89742039
-44.28120385
-43.81438699
-42.91149049
-43.71683981
-43.28100293
-43.92082472
-43.16484309
-45.22647160
-44.10705590
-44.18748523
-44.18730249
-44.18010389
-42.33459952
-44.36545034
-44.07374787
-44.25766748
-43.72916836
-44.08525547
-43.62379173
-41.18869293
-45.04752353
-44.58231258
-43.41602158
-44.12470844
-44.78945018
-43.28016041
-43.72217019
-42.74934301
-45.16354275
-43.03922044
-43.28886860
-42.83752126
-43.34906451
-37.06961541
-37.40957565
-37.29501395
-37.62860163
-37.34016684
-37.17372867
-37.31361727
-37.15043161
-37.43869589
-37.26038660
-37.21398534
-37.44337103
-36.98919834
-37.39226474
-37.25631753
-37.02565020
-37.11818945
-37.30030513
-37.17550319
-37.16290215
-37.16694885
-37.26219122
-37.42773144
-37.00389760
-37.17371561
-37.11000731
-37.00070820
-37.18080039
-36.96716857
-37.19265291
-37.04955133
-37.36864706
-37.26593227
-37.20750885
-37.17704992
-37.00876650
-37.29114845
-37.42552759
-37.35582516
-37.10633330
-37.02170940
-37.23815939
-36.63615625
-37.37778390
-37.30915960
-37.29662562
-36.92156541
-37.25985289
-37.23977410
-37.40411721
-37.37359067
-37.37688342
-37.12065181
-37.61024482
-37.29233020
-37.24938718
-37.05884825
-37.09511768
-37.14496253
-37.12989439
-37.54952255
-37.30739722
-37.27660064
-37.24133665
-37.44720979
-36.92775436
-37.23691512
-37.56361083
-37.32842169
-37.42683786
-37.20545132
-37.26176931
-37.33789680
-37.34069063
-37.20392149
-37.17654557
-37.53014552
-37.21154283
-36.74805302
-37.23314974
-37.51102954
-37.40243282
-37.56263235
-37.23469271
-37.26086254
-37.49861746
-37.04062844
-37.16617745
-37.02411903
-37.20629283
-36.96486045
-37.28066769
-37.30924750
-37.25691409
-37.21963168
-37.48761187
-37.42288006
-37.30264555
-37.08587502
-37.32419943
-39.68029258
-40.07633706
-40.02481177
-39.79200546
-39.98473672
-40.01865690
-40.25460296
-40.24850151
-39.93648379
-39.73438564
-39.83957019
-39.92872194
-39.62305639
-39.53114641
-39.73656389
-39.29756865
-40.12002147
-40.17686391
-40.00132801
-39.78773289
-40.00053848
-39.92782416
-40.11658065
-40.17249607
-40.11980051
-39.74608353
-40.10757996
-39.79994265
-40.18812976
-40.06397172
-39.89186047
-40.11035294
-39.99938968
-40.01146417
-40.01808025
-39.62834976
-39.87200834
-40.12362058
-40.10633818
-39.89686850
-40.25141473
-39.50113528
-39.83019140
-39.79659463
-40.01386072
-39.84561146
-40.23419634
-40.00769986
-40.31343744
-39.91046550
-40.13008833
-40.07328129
-40.17508386
-39.98958457
-39.95501973
-39.78146806
-39.98923346
-40.13602704
-40.23959806
-39.72644388
-40.00466249
-39.50640332
-39.93275161
-39.92752812
-39.91354019
-39.69823178
-40.05913502
-39.82396091
-40.14451009
-39.73298016
-39.79806962
-39.91221004
-40.00249924
-39.97536789
-39.60301290
-40.01129136
-40.05347513
-40.07739210
-39.95340909
-40.10939268
-40.08981032
-40.18325755
-40.06438777
-40.02706856
-39.92128949
-39.74973505
-40.17703037
-40.24131661
-39.93512115
-39.86378084
-39.61386204
-40.23169037
-39.70632725
-39.89101176
-39.81876069
-39.91880838
-39.77008884
-40.12359763
-39.88256656
-39.80583330
-36.31148235
-35.79367062
-36.37634281
-36.30994954
-36.38148625
-36.47725649
-36.82975914
-36.55773751
-36.43132786
-36.90155858
-36.32869514
-36.33463699
-36.25548343
-35.90903631
-36.33523480
-35.89233254
-36.56514037
-35.43847719
-36.69727903
-36.12231669
-36.51350490
-36.30758777
-35.28784117
-36.56264882
-36.66592036
-36.38530214
-37.26546291
-36.17797738
-36.99509348
-36.02085634
-36.73354220
-36.42356230
-36.20753715
-36.46231285
-36.17193989
-36.12229997
-37.15700604
-36.16313715
-36.46848510
-36.73237648
-35.98925965
-36.25158428
-36.46990054
-36.12966139
-36.01563318
-37.02147910
-36.53810903
-36.26197536
-35.49128445
-36.28750863
-36.22909269
-35.98613095
-36.92961526
-36.75400324
-36.24388241
-36.32671003
-36.36054957
-35.91403479
-36.17338006
-36.62502235
-35.90214695
-36.56666706
-35.36635172
-36.70551615
-36.21011185
-35.76037129
-35.64314019
-36.25124543
-36.46132974
-35.43863225
-36.25783284
-36.20778322
-37.00208622
-36.02143407
-36.03348934
-36.64392079
-36.53570676
-36.18590701
-36.31657785
-36.60761868
-36.42348522
-36.46818330
-36.83686113
-36.20781206
-36.66833882
-36.11067466
-36.25102149
-37.15769993
-35.39589603
-36.58302670
-36.39633395
-36.56593188
-36.45717356
-36.24963437
-35.98878364
-36.27903322
-37.07363301
-35.57223584
-36.51984420
-36.04253357
-38.37787388
-37.73163956
-38.03795192
-38.56220292
-38.61506748
-38.52822768
-36.62712250
-38.50013221
-38.20664487
-38.20853254
-38.17321746
-38.42755907
-38.21705731
-38.03217190
-37.75459347
-38.16896307
-37.77367697
-38.72022469
-38.30427978
-37.43300739
-38.55014348
-37.97266783
-37.49127919
-38.18629082
-38.18162246
-38.29318911
-38.10267051
-38.32961221
-38.22066945
-38.91644105
-37.84668162
-38.13016309
-37.95581086
-38.10929145
-38.12912169
-37.30482363
-38.68302841
-38.24004884
-38.48447936
-38.63441633
-38.45445575
-38.48036437
-37.69431870
-38.16896803
-38.15036961
-38.62294125
-38.07244645
-37.53519588
-38.07578553
-38.29106778
-38.17062322
-38.73122095
-38.75201138
-38.24813558
-38.68095217
-38.52031431
-38.69372712
-38.36432218
-38.47233291
-38.12607617
-38.47626313
-38.38022193
-37.70405889
-37.87560960
-38.04986335
-38.10389260
-38.93105623
-37.88567386
-38.44126322
-38.36652452
-37.53130337
-38.52110983
-38.67545175
-38.70276082
-38.00283776
-38.41075125
-38.04887507
-38.94315473
-38.17077249
-38.01889091
-38.40539995
-38.77204180
-38.60639942
-38.26172090
-38.43421073
-38.81525481
-38.75069820
-38.11108360
-38.42251800
-38.54483042
-38.39708631
-38.75510499
-38.56023619
-38.41042264
-38.40989710
-38.25811801
-38.43009866
-38.40081618
-38.86352279
-38.07513828
-41.20699915
-40.22950901
-41.58767964
-41.09345392
-41.04206183
-40.57242589
-40.54339348
-40.61636721
-40.99580939
-40.74890885
-42.28267642
-40.61369537
-40.41592412
-40.24620485
-40.67802355
-40.39280383
-41.57296045
-41.58151130
-41.59553346
-40.30451994
-40.18417662
-40.20549496
-40.73288396
-40.52461256
-40.34621842
-41.41617334
-41.67401506
-40.75241772
-40.36233972
-40.76680214
-41.12207030
-40.48157869
-40.74199878
-40.54363306
-40.83461987
-41.15194232
-40.72170915
-40.85190717
-40.10587416
-41.14570875
-40.44245076
-40.27174091
-40.54035662
-40.42981958
-40.57490460
-41.47089347
-40.64619910
-40.78516899
-40.38003756
-41.37319150
-40.49576221
-40.88573602
-40.24143872
-40.38895092
-41.41137576
-41.71711149
-40.72502886
-40.23866155
-40.69329796
-40.56099656
-41.05404552
-40.61032080
-40.85744178
-41.29456505
-40.49939406
-41.15826581
-41.13333520
-41.69053375
-40.60541417
-40.47694811
-41.00904461
-41.00537667
-41.23724467
-40.49323603
-41.13169408
-40.71365450
-40.97871637
-40.62167655
-40.80287754
-40.71630938
-40.42432412
-40.87563599
-40.98983738
-41.22096720
-40.96084828
-41.50439140
-40.47057988
-40.54953843
-40.29621468
-40.66250415
-40.29300605
-40.27980154
-41.14558571
-40.61540991
-41.48386359
-41.76042928
-40.23507386
-41.07299170
-41.22261183
-40.61539825
-36.65343945
-37.22128699
-37.39214756
-36.62713386
-36.69316552
-37.16187509
-36.34590690
-36.35430489
-37.24227041
-36.91869880
-37.05068298
-36.73480858
-36.85035998
-36.90901370
-36.05225051
-36.81848654
-37.32071055
-35.83374989
-36.93889917
-36.29201026
-36.49745973
-37.20656437
-36.47602070
-36.29205584
-36.44354365
-36.67688066
-36.24854257
-36.86725774
-36.92787148
-36.13905789
-36.54996646
-37.15306197
-36.86689640
-36.87599416
-36.82252747
-36.58450834
-36.96797243
-36.76138044
-36.66681788
-36.77869141
-36.38239661
-36.93582352
-36.71566343
-36.85796126
-37.03555415
-36.85791803
-36.98425006
-36.92869120
-36.51302645
-36.87215997
-36.46252936
-36.64742719
-36.99695303
-37.42825460
-36.88371609
-36.98894455
-36.79232889
-36.61963787
-36.77617497
-36.81976632
-36.80951990
-36.80302653
-36.76767153
-36.53481118
-36.07181537
-36.54158016
-36.84578402
-36.99151231
-37.02713569
-36.84758087
-36.50920528
-36.49052073
-37.36560453
-37.41055163
-36.60637030
-37.04672916
-36.55456137
-37.10747511
-36.96132289
-36.62672760
-36.62460102
-36.49708761
-36.58877584
-37.12579938
-36.39524459
-36.79210272
-36.24569661
-36.80395136
-36.56693881
-36.69036967
-36.48584885
-36.90254986
-36.63895230
-37.41947770
-37.11011665
-37.11220922
-36.81637041
-37.65647767
-36.53478409
-36.64309843
-38.39497830
-38.57006790
-38.43726295
-38.39886901
-38.49265713
-38.17429312
-38.61480932
-38.35506192
-38.45459790
-38.11090239
-38.45088795
-38.59390289
-38.40416517
-38.51763995
-38.11610022
-38.13735588
-38.39777950
-38.38707826
-38.50220161
-38.62361653
-38.23365014
-38.26261809
-38.36555461
-38.40072057
-37.91776780
-38.47434281
-38.38949547
-38.17641392
-38.51407466
-38.56722441
-37.97666492
-38.56932220
-38.18390672
-38.31113012
-38.27266361
-38.47452993
-38.23816972
-38.16946578
-38.37101759
-38.17738275
-38.24146567
-38.11660282
-38.53017851
-38.42070318
-38.51897442
-38.24907191
-38.44383061
-38.35663387
-38.24139753
-38.47174475
-38.43718936
-38.30507424
-38.09426402
-38.31693355
-38.67425357
-38.03050424
-38.36510103
-38.54958665
-38.38226894
-38.11347708
-38.51030783
-38.30346452
-38.46762787
-38.10833567
-38.25216530
-38.29601770
-38.35760273
-38.31747552
-38.24439723
-38.37570372
-38.05020608
-38.19006224
-38.35321885
-38.18453810
-38.15814362
-38.41259098
-38.35112868
-38.37962045
-38.29217618
-38.30457592
-38.24239143
-38.45836325
-38.27257929
-38.25002964
-38.45517873
-38.58810721
-38.58749581
-38.20167407
-38.63471565
-38.14502032
-38.29425511
-38.03814245
-38.40428018
-38.25014796
-38.29733073
-38.36054862
-38.06959451
-38.47295757
-38.13365103
-38.28051284
-32.74340807
-33.58655921
-34.05708607
-33.70375603
-34.45382260
-34.73039088
-33.96091837
-34.54898349
-34.56889023
-34.33325493
-34.45351204
-32.99282918
-34.79873926
-33.70286141
-33.29571423
-33.89302964
-34.33584599
-34.04493612
-34.13784463
-34.17735131
-33.83059065
-34.08143057
-34.57937228
-33.42046782
-34.37916135
-34.42861550
-32.98303865
-34.75324565
-34.51722595
-34.29476539
-33.67095523
-34.55670408
-34.36973336
-33.94292387
-34.63645456
-34.50659473
-34.27972279
-34.96543112
-34.59123308
-34.40827667
-34.56368388
-34.57440773
-34.59812986
-33.95180648
-34.56525696
-34.27826941
-34.42124885
-34.43346751
-33.34444419
-34.79347158
-34.60693994
-34.78792361
-34.09687723
-34.29169183
-34.35091573
-34.79157984
-33.38413604
-34.59955864
-33.27433654
-33.58936851
-34.31573460
-34.46151844
-34.58341199
-33.77447287
-33.26543950
-34.38480695
-34.38060882
-34.35023214
-34.69015546
-33.79867345
-34.22024163
-34.25702635
-33.94679937
-34.79536302
-33.95778647
-34.07638902
-34.55535892
-33.69110721
-33.30244648
-33.72477260
-34.08619900
-34.45855971
-34.08417783
-34.58950241
-33.77718774
-33.81144288
-33.41229321
-34.20926779
-33.65901922
-34.43492065
-33.71101516
-32.81730316
-34.89180062
-34.27906020
-34.50314734
-34.70963662
-34.46697934
-33.09284941
-33.84569941
-34.49417881
-40.13337293
-40.19779125
-38.82572612
-39.44905828
-39.69908912
-39.54006865
-40.15025979
-39.06830319
-39.75218382
-40.08770654
-40.44978227
-39.80256864
-39.81579522
-39.80800357
-39.68373713
-38.90692246
-39.79725834
-38.44325118
-40.29432184
-38.62413455
-38.82950118
-39.59417775
-39.49904143
-38.97364209
-39.39402758
-38.91418553
-39.62027775
-39.04136425
-39.99345245
-40.06578614
-38.63908789
-39.65761139
-40.78634036
-39.80222625
-40.44978227
-38.83842337
-39.62143876
-39.00883137
-39.41876908
-39.33146352
-39.47976908
-39.85202566
-39.70756617
-39.86707637
-39.59887848
-39.96094740
-38.63846031
-37.90845051
-39.37468381
-39.36736983
-39.93005790
-40.88045599
-39.26174914
-39.35313247
-39.03677988
-38.00172963
-38.35709837
-37.91051737
-39.27697217
-38.36363071
-39.48982804
-39.36699432
-40.02706971
-38.65960890
-40.32955405
-40.12613966
-39.28338743
-39.75714207
-39.27873405
-39.14977963
-38.87184226
-39.39221878
-39.53379039
-38.95359015
-39.10113858
-38.14472665
-38.97723461
-38.13209333
-39.10371843
-40.10836632
-39.49887579
-39.47320517
-39.47470674
-39.35789712
-40.03824596
-39.69507618
-39.71366685
-39.93054604
-40.87708269
-39.85319792
-39.21949831
-38.85900255
-39.11384829
-39.07481527
-39.74902415
-40.09688767
-38.04087019
-38.72481605
-40.58888642
-40.17929565
-36.29036341
-36.23295654
-36.31766330
-36.04359966
-36.34479072
-36.42268329
-36.29860502
-36.11167999
-35.94976973
-36.44955089
-36.32603900
-36.26960553
-36.30535863
-36.35647830
-36.54223642
-36.34146839
-36.27434650
-36.23688730
-36.61163933
-36.35452717
-36.50140124
-36.14138283
-36.40178526
-36.62626455
-36.22231873
-36.28480004
-36.14823745
-36.33466874
-35.91909816
-35.96990019
-36.38372391
-36.58496580
-36.34100029
-36.12780162
-36.24003620
-36.03135055
-36.50687831
-36.14932214
-36.31342099
-36.21834481
-36.69940862
-35.92182446
-36.31328218
-36.76910447
-36.38332802
-36.39657115
-36.68644093
-36.28637852
-36.62933765
-36.35155714
-36.37795978
-36.28114670
-36.61212267
-36.22400153
-36.11099149
-36.39927005
-36.23308163
-36.50047490
-36.44202565
-35.87328358
-36.37211530
-36.21531928
-35.81497144
-36.18426930
-36.38484647
-35.92521741
-36.21378081
-36.09320798
-36.78111096
-35.86753118
-36.10199790
-36.19731814
-36.21631336
-36.57642537
-36.26124706
-36.63894676
-36.34652741
-36.22567735
-36.52261806
-36.37162041
-36.26212581
-36.23811208
-36.01305314
-36.46728218
-36.27682331
-36.56323846
-35.98094692
-36.32174652
-36.32756805
-36.09056751
-36.24690813
-36.24780203
-36.40675926
-36.48002932
-35.93270583
-36.03939011
-36.21144019
-36.32708647
-36.41796599
-36.04964490
-37.74004156
-37.75626401
-37.51665602
-37.72789523
-37.25291378
-37.88282773
-37.31926892
-37.58892666
-38.09620654
-37.54740383
-37.73948641
-37.57227809
-37.65284364
-37.52008575
-37.42300910
-37.17984369
-37.11871671
-37.13123235
-37.58975906
-37.53688334
-37.12042615
-37.62236076
-37.12594420
-37.10644996
-37.37291351
-37.64844806
-37.86812465
-38.02101943
-37.51700867
-37.72669604
-37.45646705
-37.74906863
-37.83461095
-38.17726071
-37.70644093
-37.22865725
-37.38416328
-37.77389672
-37.65829721
-37.87151838
-36.77267978
-37.73529764
-37.25303920
-37.67444341
-37.95004111
-37.71438474
-37.59432153
-37.32288799
-37.49524199
-37.71478713
-37.52783880
-37.54580050
-37.61785989
-36.97158734
-36.75676465
-37.58987296
-38.08901315
-37.26695836
-37.50386368
-37.02952443
-37.43453809
-37.26413624
-37.22985745
-37.79646542
-37.83871475
-37.62488708
-37.52103829
-37.60856427
-37.67789759
-38.28221511
-37.79818550
-37.10087009
-37.19568159
-38.04886669
-37.50960888
-37.29280699
-37.52872079
-37.67754818
-37.39838272
-37.94725189
-37.59859809
-37.94896999
-37.54049293
-37.58923292
-37.54132247
-37.71556907
-37.61907033
-37.90413109
-37.58094322
-37.51793841
-37.59601294
-37.57206279
-37.26316798
-37.28171947
-37.95073480
-37.21699751
-37.74233119
-37.23862582
-37.29762727
-37.50559722
-39.83981773
-39.60112313
-39.98537643
-39.48948987
-40.16714667
-39.02206359
-40.54033378
-40.53251884
-40.05753509
-40.10087641
-40.32774396
-40.11157752
-40.21205516
-39.27503617
-40.28852192
-39.14277650
-39.06070927
-39.64883472
-40.48199357
-40.58331176
-39.58518861
-39.30478999
-40.35531504
-39.43328514
-40.27728672
-39.75320701
-40.02013376
-40.30538302
-40.04550656
-40.29069129
-39.90463649
-40.09747914
-39.38023227
-40.18523030
-39.73488203
-40.02484056
-40.15571118
-39.77339123
-39.93377202
-40.18743418
-37.61660869
-39.94292236
-40.05080406
-40.28709677
-40.16288956
-40.12495122
-39.45360235
-39.92734602
-40.08199102
-40.16681964
-40.61258893
-40.11455958
-40.41979935
-39.72305187
-40.38114755
-39.95072646
-39.60916232
-39.63347791
-40.28049161
-39.58955635
-40.33715444
-40.19964081
-39.97581487
-39.98805106
-39.84353781
-40.19518270
-39.11536390
-40.03315269
-40.54963247
-40.26840391
-40.16120512
-40.54903673
-39.57136457
-40.44792229
-40.46956741
-39.67802084
-40.60862824
-40.38201744
-39.96244801
-40.45185304
-39.78729825
-40.23316677
-40.06293170
-40.33794059
-39.85873670
-40.53818122
-40.23487660
-40.13208513
-40.18146379
-40.47734379
-40.38227044
-40.23306048
-40.53375285
-39.99447216
-40.11580423
-40.28976477
-39.91110988
-40.13195458
-40.56835710
-40.69640272
-32.65624552
-31.26426631
-33.33268841
-31.32429077
-33.33839459
-33.59220331
-30.46344581
-33.27570895
-33.24594296
-34.01961721
-33.17419451
-31.60469663
-30.99850382
-32.80865742
-31.77018335
-33.44095713
-33.06637251
-31.58755020
-30.74657066
-30.85349613
-33.63586062
-33.77866823
-31.13766113
-31.88556071
-33.41222001
-34.16154583
-33.26508235
-33.03059559
-33.42089387
-32.75910045
-33.78671691
-33.70047363
-32.29015573
-32.85581444
-33.66262032
-30.90893811
-31.46493715
-33.27329192
-33.30966247
-30.99028743
-31.18597682
-33.39171087
-33.38525860
-33.02633223
-30.85133567
-33.94577458
-33.26426518
-33.87319568
-33.78795208
-32.75595901
-33.56120671
-32.76186879
-30.91729318
-32.78386050
-33.35148331
-31.23047841
-31.39679358
-33.48860895
-32.20672840
-33.30618314
-32.06980721
-33.21798142
-32.86435192
-30.78117749
-31.57068642
-32.85987162
-33.05096839
-33.05850529
-33.91791230
-33.70063272
-33.38218590
-34.18457883
-33.43646015
-33.72370795
-34.13530421
-33.28434057
-33.74483297
-34.33332817
-30.95846998
-33.01108666
-32.24735251
-33.36164569
-33.72832513
-31.72480568
-33.31512834
-34.05652142
-33.31360315
-32.99753650
-33.39187402
-34.01621712
-31.43764100
-33.05343452
-32.94062554
-33.38503667
-31.75064598
-33.41520435
-33.02923426
-32.97874260
-33.68550651
-33.35384147
-34.48525228
-34.91464989
-34.99560452
-34.16195229
-33.79991648
-33.83147032
-34.58673292
-32.41527456
-34.65471216
-33.66270879
-32.71239335
-34.13714864
-34.64384037
-34.69504300
-35.00825774
-34.42093665
-33.23767893
-34.60689497
-33.06975552
-33.72012697
-33.74858664
-34.63409101
-34.30635364
-33.39934819
-34.71823520
-34.30172738
-33.45213794
-33.07146421
-34.95493033
-34.02898566
-34.33888451
-33.37641443
-33.98471381
-33.95514093
-34.27410019
-34.59438172
-34.59219733
-34.25238893
-33.75591573
-34.41353250
-34.47742711
-34.55446807
-33.45706613
-33.88108563
-34.01557098
-31.64028013
-34.20705205
-33.98993648
-34.09369468
-33.54322635
-34.21203506
-34.19778000
-33.93874793
-33.93025479
-34.21392313
-33.73019095
-34.10724891
-34.55205226
-34.27302963
-33.74801252
-34.57603160
-33.81448698
-34.47031034
-34.84572211
-33.35564954
-34.95958061
-35.09859678
-34.34100922
-34.64119525
-34.13115365
-34.23306966
-33.85396769
-33.96173979
-33.90843243
-32.74860291
-33.31758788
-34.32915994
-34.02023472
-31.00306473
-34.39623197
-34.03722623
-33.86158657
-32.95792164
-33.51351065
-34.38116375
-33.96718393
-34.64174038
-33.69677320
-33.21704731
-33.53259095
-34.43679534
-33.35501503
-34.36683550
-34.47951120
-34.61169388
-34.52017311
-34.13434490
-33.82183040
-33.56862927
-35.26452791
-40.63066617
-39.92494373
-39.37818823
-40.14622915
-39.19040480
-40.09419706
-40.61360344
-39.68582520
-40.24849285
-39.59172440
-40.79867808
-39.79087879
-39.67389019
-40.31116959
-39.57508381
-39.06630998
-39.81511059
-40.45160621
-40.63424404
-39.82599356
-40.03374838
-40.28976337
-39.45197764
-39.41453599
-40.19671462
-39.56284902
-39.80261912
-39.20613000
-40.88623459
-39.29751134
-38.62714025
-39.80378486
-40.28472400
-39.40901873
-39.73395925
-41.08617057
-39.12695615
-39.58094974
-39.28703158
-39.75670442
-39.89126464
-39.83449858
-39.81666254
-41.02333785
-41.41700068
-39.70409358
-40.06990649
-39.27112579
-39.60539389
-39.44602038
-39.40235020
-39.69383466
-40.03623201
-39.40603407
-40.80147072
-39.54671999
-39.63136519
-41.53488986
-40.38536116
-39.16128633
-39.89589899
-40.46826259
-39.80811300
-39.08455917
-39.85056000
-40.12880612
-40.42651519
-40.06436392
-39.06647752
-39.83130790
-40.36635603
-40.10489045
-39.42488778
-39.60353818
-39.26274367
-39.43032192
-39.07238368
-39.14665244
-39.75448167
-39.27376654
-40.86072766
-39.68711412
-38.84013363
-39.31915360
-40.29493674
-39.73021859
-40.01688828
-40.33363290
-40.41845054
-41.15027089
-39.55624757
-39.06993955
-39.34921936
-40.87666421
-39.42682274
-39.57106875
-40.59514799
-39.20646929
-40.69330141
-39.07088438
-38.31273133
-37.23058765
-38.32067620
-37.71142444
-37.78895652
-39.35084936
-37.60171926
-38.26458831
-38.55692170
-37.38014613
-37.83357886
-38.99448429
-38.17592026
-37.52494604
-37.73357124
-38.95379110
-37.03055610
-38.09333870
-38.57772848
-37.39776864
-39.11436837
-36.28802536
-37.21154520
-38.17181530
-38.36909192
-38.45475551
-37.82470104
-38.58852116
-38.26000054
-38.44508413
-37.47110592
-39.55662871
-39.15258400
-38.08121642
-38.21254813
-38.64283632
-38.44296807
-38.67563722
-39.79424839
-38.65687060
-38.25311247
-38.75531897
-37.97362459
-38.73671720
-37.19752990
-36.59912882
-38.59624179
-38.65990210
-38.97694157
-37.79407779
-38.23297011
-37.95223818
-37.13574327
-38.22258620
-38.96074658
-37.93891058
-38.75050234
-38.75505329
-38.48641607
-38.82795604
-38.45435520
-39.11475997
-38.30919849
-38.55745253
-38.75767100
-37.91148797
-38.52818582
-39.24987321
-38.47515637
-38.55111315
-38.68121551
-38.26386303
-37.59551740
-37.52469882
-37.28834831
-38.30875705
-38.80732486
-38.87453633
-38.97242782
-38.21674273
-38.13224895
-37.52214226
-38.87575889
-38.16363738
-36.34670748
-37.84176119
-38.05544902
-36.98069141
-38.61102693
-38.96417936
-38.49070683
-37.95112362
-38.60723706
-38.85333792
-38.85405762
-37.88298262
-38.76864184
-38.27733406
-38.25980952
-36.96681483
-33.22708360
-32.85764444
-33.75492914
-33.13947184
-32.84553212
-32.78780876
-33.12619552
-33.06394634
-33.77457817
-33.28016501
-33.38463220
-33.24888266
-32.63775220
-33.37778951
-32.62917874
-33.23407503
-33.11313117
-33.29705748
-32.93538897
-33.25394792
-33.23222391
-32.80811032
-32.54959195
-33.37568263
-33.20776507
-33.48674129
-33.37740546
-33.23419418
-32.85063034
-33.01075517
-32.43598483
-33.65598956
-33.05604970
-33.27864442
-32.67681055
-34.02758287
-33.35260283
-32.69469621
-33.16548976
-33.17882199
-33.21088434
-32.88114062
-33.59691656
-33.21657018
-33.31718430
-33.07896310
-33.50033482
-32.81857374
-33.33723087
-32.94465321
-33.56365582
-33.53422014
-32.98170327
-33.11332180
-32.64933552
-33.27599226
-33.49316336
-33.45682755
-33.24538430
-32.71352027
-33.89496396
-32.72238862
-33.10165428
-33.19693075
-32.80418571
-33.15676804
-32.96704470
-33.19748961
-33.51171979
-32.97788356
-33.39073193
-33.71051682
-33.08698088
-33.19078650
-32.78780896
-33.12837936
-32.95733484
-32.80621380
-32.35531341
-33.01425536
-33.24411373
-32.99275580
-33.25699485
-32.87031369
-33.35881857
-33.24382374
-33.48469040
-33.90645916
-32.64254005
-33.34177571
-32.81311625
-33.17293335
-33.27270151
-32.94026643
-33.47692052
-33.15242460
-33.18041146
-33.01375345
-32.96407913
-33.28596914
